0 0 16 20
16 0 16 20
32 0 16 20
48 0 16 20
64 0 16 20
80 0 16 20
96 0 16 20
112 0 16 20
128 0 16 20
144 0 16 20
160 0 16 20
176 0 16 20
192 0 16 20
208 0 16 20
0 16 16 20
16 16 16 20
32 16 16 20
48 16 16 20
64 16 16 20
80 16 16 20
96 16 16 20
112 16 16 20
128 16 16 20
144 16 16 20
160 16 16 20
176 16 16 20
192 16 16 20
208 16 16 20
0 32 16 20
16 32 16 20
32 32 16 20
48 32 16 20
64 32 16 20
80 32 16 20
96 32 16 20
112 32 16 20
128 32 16 20
144 32 16 20
160 32 16 20
176 32 16 20
192 32 16 20
208 32 16 20
0 48 16 20
16 48 16 20
32 48 16 20
48 48 16 20
64 48 16 20
80 48 16 20
96 48 16 20
112 48 16 20
128 48 16 20
144 48 16 20
160 48 16 20
176 48 16 20
192 48 16 20
208 48 16 20
0 64 16 20
16 64 16 20
32 64 16 20
48 64 16 20
64 64 16 20
80 64 16 20
96 64 16 20
112 64 16 20
128 64 16 20
144 64 16 20
160 64 16 20
176 64 16 20
192 64 16 20
208 64 16 20
